0025864
0025864
0025865
0025866
0025866
0025867
0025867
0025868
0025868
0025869
0025869
0025870
0025871
0025871
0025872
0025872
0025873
0025873
0025874
0025875
0025875
0025876
0025876
0025877
0025878
0025878
0025879
0025879
0025880
0025881
0025881
0025882
0025883
0025883
0025884
0025884
0025885
0025885
0025886
0025886
0025887
0025888
0025888
0025889
0025890
0025891
0025891
0025892
0025892
0025893
0025893
0025894
0025894
0025895
0025895
0025896
0025896
0025897
0025897
0025898
0025899
0025900
0025900
0025902
0025903
0025903
0025904
0025904
0025905
0025905
0025906
0025906
0025907
0025908
0025909
0025910
0025911
0025911
0025912
0025912
0025913
